7138719678414911281414413424838865317479965671576848463673255587232586995192362194433428716964439
2863622337918183234534869958262944487789546113765758211672739512289749232783123271139885342572245
6859963962329655113446681248948236184891927731826373575679188225994626498274652324893943312862752
4444581997948145118469158926691871766837276569461775771796415251238712499567117392686536491587775
5974412524627599669336144587414112393348168224786177977347498113783149858554314156576499323583755
4855438462433929672654664724641988897147592593196837423188759873938553311566662738783671341164459
4875761962664637368433927222453633516642434776514193819938437197869713396637117517777617492594857
1441466315494869643387883453164345763339352327994486427575164611218499268748627846821573839965538
3173377897723721217585595128919577447428147415383633986937983234657688972652829129834555849633946
2347989714461863314689534934192956168449149193716621262699198275115717228945983473863672767534343
1419223397866879474512245355217731577211847368291771679871325993484458794543823989354747885581731
9888351722131899239633295915456221298567531381485895165218929275136421377723743918927512749167776
1978256317525252839513997374446329571147239443572555197276422193721949755821621628933192317742742
4985469571299631826885659173665371381548494615298816478845175529177322678331756963656818878234793
3741486757293867493444282493461555585582146223922656142158849948596268541317843131994778729911823
5785868654287247417432362992294984552623619983882829762447356834222736191328358573753165732982244
2715947665884132723167674447495478156316851715939663426559824776688925123434193387932796276627883
7851362421125923691539926141589429825226317983785191354793936648825164932275668556219947156278522
8351734515931225956731666298672589683675566473675919284732581649165712211345941283471752237378469
7275876429461124137824937268341295436321854329499222599672872412298247838569343888216935339571778
2149588361839717792795829421548993444196951596613646715963271873737561797686455784968992787796785
8384267971854694183989958663875951844364715755564793354462745325321132974373272198726184788638346
1442883378717148976352825392123199515778313486939153698912152129755396249922179213756482331739996
3313712582852615158232869795561545341245837968992985281591122491879989455583696752176755445546118
8239598933817332278716789228591574877928641652663986634636735222454374464656621231677336532485563
3564383171113813321186676568983265653826245516371349161662941134683786319488483131559297382362635
3957984183731962537546479831317965772647662396298914263758395984459742495237931896988443784667481
2586855942662922772187773944526921332916368766597182618128534367141296421886581462827958852666776
8699748645237232777777192397682626786544231652663672263753434692269223225737954964487298892391725
9185523194597429255515378167832345826828384237126875371486832661391732559638859916135433888747259
9853261879852452819285429615715183229428275621324586269253549642435338763835664874445414327862857
7732672133641669138115372116785223273322514273797943588513557628742114942579521788361393153447916
9358845123319616325692778487233798229486585847654626463272362638615715295731278314783861251759936
6661225425343491677171291131666786377894364517491977427144944133751183138129976969745691627632226
6328784189896766846148893757417897285345554981539649188184122526732224965498741687469838325561798
5592554261237891585451256758344648396396331334153493372822128282326652194397813412285564231574777
2438267815821491837887799249432115211622113522942123113822241991125921253868851538761387961214966
3349973379563662492281622357721725131621833513382342523653373425773291135741769755416476772949793
7426476137339879657862237862163231482221192448152113583328251913522812356675621528555786993781271
6251546664238844235819869622897377742919712142319212912323232494273382166855689536625739844725112
7694447114782315485945917994391763732842322119129411413113321311631323822972741526444562651287512
3484979925355546545823637852313168273252358313211831933913142355247362579984729271123529665492228
7816443874857287324142673876441371829714813252121173112151323212853918495188228352223513662276798
3681559928665522183168893596548712641317316334222282361122192675365127378826886574783425261624764
3495827278316456853765245259483362431423591233797122323263511211562141594329261599513533466369632
7457856933647946214748498238978878999979988889899789999989799798997978793823238626712634791395682
3498593648686333365585974747231233311281331412263381211383745953947381468871487625824868569615533
8116628967846126793261427898462113245215236311222693415332227311131222353387287465439656586863619
5151255986469352961728474183876211911221232514271352135112221119386343425525333534588696674541727
3468436829878529563743689945613211227312195353413317122872351333441422636539661473954125187946295
2353831472189243357468327582382633773513331189933213112135812828323327426938884677587285984159724
4192942515554248986368779344262391223323228162233183176189133272111881539137273425485259279663857
9433781696173528175795915855922733349121763232725126219327529112423271896691892474688756374467729
9396735586738712382543268411943126755928918261627732713727791115115377144952739788869686644819354
2817645227355638317441833155459235612132275331542221262923353133212182586644387965428294738149541
1922586262681174329581266545311439612985574496346879466689443111633199577731555312932843537295645
9976353367512959278195548293819154183862439831112241122786315979642549562822445188871783933613945
9282481443955983461391585559571642421292654276367968454272743939348653963549973444935125794223964
4817421767438482227238383685947515731948544476247857253238857215354583232148517778537162827994472
5839244418638885394178566113431623879124145244288173373969277436752778964697961628953643312113275
6761828769882927646975138272281566466562838517956228435231525651616617971531856776854766451793852
8811843472749678184547435595322256883722655993618631889619372629857524846997863686835952972238392
5841156785857571898756197171277672143634836535912995392176311173422831154115776749577273772728769
9326614348537629566416721288794414915442557218271824858248458174645439427322641365932418446525154
9771542682385193487274251442629758374712444767861676357285679669874674335216584854723912212172792
6666729962588948396159959576313212536319561141539749113835682187799584482818777257798781419865416
5125352769841976842697839233512744657561443664154995189113923553548885729463651613928799843554372
7169428848399837394518455413993325767291937759337645122545499394271252971226798651645522711469873
8735868715193933823829921522437322482484935269512884436133353114683848144477136655698636526911886
7468589198121993795151497197177335821423194194948461118142991271895939438359344528963481324426373
7351577163522656668151677188124678158347481519516558476427672496462255276424233942627124645966646
1579922684588954631916119468511169176535332192466322135758727898536642364337654237768718718815285
4464187335173618258254996561225971765644924861674312233492478515683321172327477555869688388576852
2872584494455883257734444832458296385253124559336973831682751453481359386674732527842521695241834
4597247336355351633325159956734663438435152863256283355417699679236278566426266967435434744494349
5596879887486779217912916646994422811453595543336736215912534529473235433882141331185113781747639
8543748143256166822341833863842447124215478522561658565415429886457875155413188553389186881346636
5456883781233432951329755532619624224922883728599366295322793862719523424997623749967924237533247
1125445388329836994982619443145447331744931497561385548597384282879967789549319765185658936782781
8563864877481259623741422914584165131775695724641617967113667289888483832665733524351114952564974
5786615883259486859483576555465159531169316871828524828644764941856225468318697744748932528267431
4996462558325389451777117156694278295916935159875854578871435727567179161351467724761921469851118
2782388239558451482557451569391382833182823233885984533457396393855379582347684211672268294642651
4757661935494418854671719936176887554524284667113457617534196825292741541585151272985915975197932
9928543171734515772822996758212289641145844476265832426386446312815529559969761218942612658672774
6286679911255679711563219861988242777543296548773925582131255954947732696258575198355667168496895
4758944211487749419674765725223618627258928335678138163542327387625195187921829346951943567829656
1862946194273221917281631979137256869743872261358549752868889674357647637195747448616658322235633
1845845189622323313352551156134148838746618768744586958238115748643758498329256349968463671537147
3523432665638792969549236291232446759352796446714483953195565116827576942381238133724451937248288
7781628217862987467177378366297217762333415716244585537781527515334832334764133964855518912571332
5639928166797274816148364349639624875367741179953766133787991668536386963934982411276554239933228
9773118762981513764657839434897124659421321797766695261379613366849793898876321398774277345279455
7496151659534631328246254391818438884223831446557896726945627562953975699192958887768352741535146
9838135877176811417127512877273338237511372229313837814164231938115166746566672614262833379537123
6626851775264171721113785388987895918757114214995551788539713326976326687427695726487115644352172
7982258654156247683428693957114644526995763576864283855846289927165748988698435699863336453766344

38157428443141127226997434668748135277659254356938912696362461312829639777172872411137991794896
81131282653379488754937243264129919629315458551939851452237721672833783914924294755582138266271
74846315871984379525177254838512995725983192294986681954478496887928313865711894991296684758244
67697249773633324732851645869766898929349527124896582356857339295554818365541166294742851252428
37224129949144495726183475813861492137149717735738413472229444996875896132469631234379817232871
77985771623721837927867794614914765544814577329537221277331575332157928513149745116316873922636
62277558884885855558774743657319795964129359565236442483915724626511527329786496823168716531419
65262416748696474884279573513898126797142869541856168453236442321453597992298754852853941365949
39462224926919515529174986368677455975868333662385654239883392531426248177498974117762272223689
26635281448393556633711613374996996255491885369763328865592946995527682327762497572439866563895
65346546734419679818983426121765775493915918998955819999632711189439981987187459583573249326627
92353969671248823693989596545369918596942144572915468768165422263191617475486714163534746416155
57894894174851168786844493543538769477524437826918885243256317134874779368974835299628925647475
54424681778544884299767499876986679339731852774971299761536923115718216869846218834446283221335
64434123462321691586445424283427946161764519371891779416829532693334399694824893754429924587474
77411517942798555552617746495553693534467439132842412412969187346989538933331712492564643437796
62852963652617418129784236766912517374917918496554134497438464542298747276869951854991451244229
81448345897238924436975453339894964286474321727223228859374811132371879183725486934238796971896
43983646111367975757684921272799432622427558643479153363967962529353457567376439526271785822265
79169275816994579228775842928847959487955351714671712789826556276745419135615473438956799574543
47413147933375562941258681311587296396155723912818585772288332419696496821186764362852849912626
97532653682733474448175763435374295595696913851171946163371427735488687714382628436389579491942
49682367379232982895586892756424399377536434259326118198497222583772626427379598676618872336297
35798599853513334936811887449664849927692551186259465831182886866999164114434434539228725997583
16295148243291528771599192211426646529116658422134626671799979596845813391228949675812827235392
75671115285169457218729296362392598764176184565159875986353764418159944562953559532357864853536
32261131165298927246257212711441854799924393144859134827182112267622385713818355412484373515169
34465811153725588563746821941949863694888562429668247792598377648481732635889477955331626752863
79898157336648954974784982727418625438321899686959112966276119958651258595995122745249197996726
26728417121362978988635857676314856384427231292433581391753119861586497412111916289568821722318
69751615189717944697786253793195463221542333591221322675432125195816426588453376913411776922895
26276698334986488842619715111513145221323333883387123815188871447327223493182287553985528129656
54231319518298187583887244182261274911131112192322281657953954958775444454146717497296198694241
57692362332749994171465453324513753332594113171416323254372734678622551838849792716328339571131
66343189487766938542392472223331874291125327482123341234631629321896645354626386231261411184461
56547295398583259173551747992521214733373826193293212717368352975468781298985786455355415787849
26896727329212943126532638153562139136226124193833182425939535912559158565457369773783495331587
22262753895348521275839564929654583186121222191613683133895958754939547899253348328913175488386
24817125778648999725154728862887532612211339281233122418131463957923471338443561537355475971984
92655749528711476934452258263996472354733311273211266137453465986771733945536868174232821186362
46727559122695393719826328671718868113613225671121582299363454389138691277923233323766193351763
29672291522288784458966196558646321331191233281531133138771452391553578517845365573964116348327
26522168525685974518135344231788558294322511275318222325325622933624463168562112494454146911683
98174697219791486675818247666736623183323313193224343152272272116856679172533593185144742623431
88897896531373639975343746538545645383333332377626112313517846143252324514853399614975318518897
17181736422352761516273937839177951213127133283964322121513169881211361414841965288525489329617
79159436788845883438434248763128136333912333194252121212787646348697313826476796581466928934958
42487361995885692963691976361416848431215469291738673124994225116723191129356996668969347481398
77161732452659532476678161573714635349243282384321398436448463966483849685954956377474569959753
69638231651336838217454524282716554712345222792132131537427473988127532879524776959825951164776
57148759442956642364155932368474572433247343183582321633969113293125934145291384387748298325335
16417587188693936411392349213693187279333171986213231332741176995853378912767235935574335121672
12421787533628541419735146593617485113599286281236871393795497896744359747674181963865636263296
59253848564197684771762443115674683613379363282333116966186817194918587287815917741118757121147
11462817347685946242873349176798154223112773292341223733968423823155241336824323529549675584875
79587964652728615438961785526314528137722392597127336314117541526943312638236745447823493299825
35555977319693256148327366722765713522632313278562183228423572537862997574187953734143265442869
69469482389346446691267223187335992134333321772431313244192115175122675328114228629216658315843
58426651633261113626147737978629474233334193194158122112774962455464242865299444822655394664535
96144133963486122273633356486272624634262337693153244256648113422477545691586581481179388615982
66459953144715474491124373252931558967839124671141722439578124127845893239722746147543663577976
42982739257224189353413774559693975121121311191111143119315476158336351681856627537612138151365
78378788165989493931196535561179148321211566881932134524667376196427191958662774715692156796286
39632771481381416947586255827164213645297129174714313372217385334239252141338922664475386978813
45579198641127586544543172764142158731131112293313241353911386964688621535768259971545776983447
56235796718852325446964948345516267534533237198515653123593674161411226878933187221413178128366
18747817221439878366651596476733698319272512493359312223141436391386118465546377344412488248314
56372665524546225887334463542288617159919291297322121213887661843744914149279968243335172516832
23337694114685313239481845388476514297912727193822632319257969641131662278217127586922331563538
12422957584241938776273536772521227367247392186213272321545164879352566714528199246794822768493
33936862919457433158248526746563761665782952899521642863465317147452337399855593753195565431123
33491128456335114799586837169881547185489969126489882192369475598524529743436682965382525125567
26621452876229642935948896812117611338733596969278242175959715164744712611622937517239418383474
89231123564289755155563678561495619696446759526262859223624133393438989551175591656553661725625
95436472495587739641483515833415311121143621783526648583585118475454648522665646573464682669918
38557462366134287362491478173977869797814348329941899283159762934487238213583982916567846743738
83916443931945967556254696139614658876411866637149227293176149674192591272899188168614885675847
76473874151422263816295212494778724438588844547589943186979971445994336389774679239319287887264
63351497657349618516329691161811629687969762639659569682886849977337825515596549746424195285551
24495275999585874352682699596929941889173863183468912563685873944987299921552342674966935243235
53439432627695714421131546724688892781325322977773375618155423894546185735138173529855577525814
81619645363335258863192868567478527662123319435571935924387924829658443655329554126531995936863
37287823288439168135215824881334758886973459685955852497831284348899638491619646132213239366358
84834574374252796427548698248382442287934653138757574364363457877389376262715666948144574896919
12617468755976847987254577584516344962319316984875947733583632586468246764878677461536677132724
59557223391445375263441287621128242742744718192532435587391966987466447166813488861335486681672
73163641529427572594188292729612446254598355914818626947628671466348677562949969527862578551772
26743174786124368325144787843795554165265384652638311521987386626138635233268189545669441783284
69738222681447787168363896139512939694922958828575814777191221951495491695197828319517347462922
88348137953176746683569517973954384681811921438576564617341282474918726359423975627474562456641
75565353823531266973518478544862941555632835234394141513788599418729765945768187546186483462355
54684846853622875588168991852513312699229241297676449196765629285466789868241713972211525362732
13464289716618682868296765158874377531621687915573555881389478855551698445881284696479717211372
27928686522825634915923898647635395891749988813697752314167187834831947291594258329333199596622
24649566376285999413659761634969824579315148623855831239169717717784187975589989275755659587967

73878383547116524229937588811277658476147484924522463661243252752722959178645667537459458351747962
26886689739311538171493438577721342128129117311833619496937968413329219913617528172199599584425457
38668846221539615647524884936773728839345197648369699648557281183996355927188644728299146415426584
26591218762985637818782248155283713199873176287847348184324442814853357956877959152771359167293831
14576244763343673212997732179182832442637368336978181953686696121755343712476239494557514223788173
67588821369546338626593542275734246276117126697677472558794496781912826817318833848641263695731918
97375739585313693696665836951485216975263723714298395981865845217349783445143717154451513686717819
16696285849192462311728964381336559748472386442924737237481356147977571513816163385516129437261366
24379921889642496676143118773468633746354143112782676244562592732266578359745835424435586484952772
27967122115392266378617119768775974576814571371716434318156238272473125659631121189962323718211272
78466422826541736753268776481477362838877917963242177859688625446725372572422297128281166111139581
81576942732946321923821243379819314463521736182646414545249759983189342986329343952827256814822327
74214293481617594217171643536875623362577171965687579337573867815889493957216993971276145665888723
69979159859745759782926611573994554598966123524127297735561594817663394494151746611118428255315598
62723886954644237846881897472369498735486983697724232776633262159423859795489276782754289553267358
26258874326496592594294336114271764988875912998576157644536944675666774742516551149988834434879418
94821454967594126678914625948148332911145463496261866971651614313868965468184145558721964816722924
51998741135373767246424612696575518985316918429726263277848698248248685481395329857949579831981515
55525365118576933327991892341293592122484112358884487991564831926736823686723559126328558588747611
31388928876779598774636122884546116372278236547647457937796737527451281963315696966592958966761443
87538648113684931336424727821784663426334232327488191458162566516874117126775617681135218466885379
85278553978591746863313664456472767636228837792355626863638915792686356854961776515933679681381454
82399731128843323625624231268636567923323353646454161626797645984782926964554436238686431688964711
26999334393796877221522931152648169378247375142134285923923559198951587797422574199658128318716578
35834245297878872167464423989134268543589241956728371924519647535131195653521267294565536555434377
65147247485978353214994529495737765184598734777633827289887724533342459213972795898336372427369366
43472581679321324849183976534859286899727941562784983923149333276258158567764278227369489161721184
77969233184977839494451363819242157871549151854184135164473937838829516792432156215612255194958372
88179998463857419258865176922729422158368645489882177773563689138837256166243749446897342884531851
76755688566442622989797172563752626642139797511912551463416637494448645727792943981523971745998878
35377128257277672121357437421626149443711347568646648772431634154333674559928314175628158893693133
72361282651349414825265452623853151977421211225235954726771515471891379233595227437824252382321449
81458861459822763926584828152946675141512355287638345672487257335515141274919876354791345944433241
25166256915811151763194246258354592161345977924427533396975393692199224898318499895614568318228681
31256971976989525496222176316853223399487742591953543157729369754614478274545583925183453914973539
54825449153299578972467438839773872431866612175135245178948933583687397436216126982316483184258369
24379213338338854996579957313618683767678838911945231453965866999384136329851455676335655979769333
95921684918367175773436248844779384945277928563929821136322928534876847486125759637693449325596231
58932119552837573542645462861173265394325571545447567146783432895771524729336319148721159264344457
84833328628295393444889576481243619281262846511774913972381839779317753666583263916459424965681959
49665994641369158251226318295263233553919694738474561113983824576751726118729671476383744242915147
72536232691816578768869687391954724814137465936242615638551237248632151112199153233615323616185913
61433183514885842943325945847693767964824546434578135996914326233271728579684953874774663494751341
42564881628212451297462951425653934721388874185472149192965354699753339873382447618543968482287248
51496838583285755187292382738884373344581242975897397989484541454129874987564192381356752727373473
36973965564136626624696882115952845935455875853867486475541372497281243664152635634519296132719525
14979247243638194341532252813723745178984449765867597267322864893665783964539858311648175476886157
49732523663582855539973665418642833573757494742423816283479695776674212418212875144412926792779769
66312498466485464858459485423979194125278177458634382132686315295885457991956861645473991376889157
52289898941241595114825236317915178246523352861754631382311238789141181837143513216213817914947148
34924245646387731171684119893215581277636443913387835474926516382598411829868872596581934256721913
52219236548182338318965895214591481891326266817219426342292463214665934998983817648852416523194239
82782412699547367764679899577118232973634525197995245665372473574832949573427933229242459465296354
23458723527542642834311288839589827336242444163464541235989272587748213178554461816525163421217649
23831339842953695829643484497549256221641945273657927539179312146564727432494166614899788515159711
47972275675152178349633629389568135969856261696761697232255768921224393928136984269456256677942737
97264656683547127868484886133686333946942288989446567311959423839346399965764759199859743486793363
11848739851431815265627119534718898728582368788977644599881889817261523935868126979888952147965735
71665365756611325883544634814137129451392448613199317116572351774783813473813569136987553457164173
53277629812581339194594867835547567389777217651739517149967957765113138383269987443691372638127525
71979928215368497756299161929534534129428597683247883111397844866939347665795473756657672818651298
93199355454858548737472344494696829616162281492747357813522383985479774735888627316959593244387794
35546181822519742759728295342535597645434292639185757329276229849953395861567268218444279434279187
24428881763649258949392131765383583223976492564785294889341111148838317667968378962689814396521211
15469972611817939467816444596167822934384283266568531589714668541174183377812789129888174633252881
88727282917755562213899812725757778856417195879255213381916969345159721549758641779345963935174334
79361196815395214439372576762769768513352885169883786269534824352367615192684784267259646916119114
91368685268139852844171785145245299253763473115689848267131683579345999336573892194779519649245843
55827961884139579572686355151744135341518772957874474619924829875345868938828519395592195533716348
16822489526215275273937515165892134137931582462671473734147571955375646487915314567648647345166433
86774313431676294813893232128351544257465138352118389763813275238877126726532937198167332751922813
12671374953884443442844285674754913171254987297395485763791728565976261411882872568894516826178848
41916571123417521479651419116987479394444111429568355299771766928236741272783126659773527469455436
19569858923288596356774124545787775874287248936583749295628127242416587567584751847566722519898429
17189299212873737661397796939819638779995549587634486668993648843569417546275833797565434488137161
44184227218588338523834426293268789479136591457576846527359765524333187984751348682669114848412286
65242246238376872596311155534131363449433153326313377673876813483463161426177323992866537793368449
54524248737954931959878881464595344874763883961881226191939228998588392639339321537842184533739787
47227252119853439198942616744391766355472252794328314922896975724492572158816415549784134646113137
59577274641728589733763349158897654295643555367275113689198434859937571374486195281621355521368961
33255217553366942432664843563624493722359264722218459567589593373214771161977725344113791268234294
59563996317643943987266226335834992832288684598597814245845712978613916953323312828885922578469759
59468162397512338735812629419795968612156625569224363759777779197921884227821692231682296166449465
44913947373482422921664735389771869896125458563591969661683183135396947361788828793772485413665816
78165171544765914648261695791263153864583157335484271127644427726438613125374492877156743384491691
36344433798452762626556763626352124959217986713885635992953994759513842895595871317279956769865317
83347483477933882976622411229299793299487913541818493114756512922382797129591379614354712722921848
33233562367488417637269941278538975757878629976514711514295927527521346842359362745936364281785169
36147991125297523597196987822499611547916934312173198273828928766296113234485343811524131658571829
72219892134414446294488393434384853888657683493321957661573742822647655417317976213543736661199674
63157222975627599418962381862783826525681928157473585452868339724947361197213543681311444296431775
31916421151551498148218836179558531963416959796799957398412481915151562824526789129362483788249639
95236137324838373161918674335751315158575657453221424269117476874695338133811621288878729955177891
13268484644717431658518625937272968687295796722593167698264538419167972657433174748183322872792642
22659466482888722783935198943561747411591432887884914773611638774288589725565736843226219282978258
15144122911917537657411968258555799165825667596936929428567394834658364292849368383694662861581952
18526695346683578424454191236468392334329617614747711771573888433467255932249886519429227272113523
24844226694247126746856893565387626375898766514975585533145498218836972628326854445875855493788579

452279418865344542159154383266876955126876854627547577117739515958148322458912213998958182215621
521269824383667261656414354792713929415214231615984459689384115118585415411349263177157771416978
522817679768983866257732338848437333823513215718898452915857667128897457115681283134438228516972
317331761624728865717342987377425357717246654437614847876863684996187241518552567547582673846968
318969582799132663278238565924771645799381875713593573341657458673162671847525965986615127435995
368781111649488664154797262512453312551444711348826744748976631377678675629414778547765697362172
463854324815271136638542828664173943616637281322253689711285731648214885327294631315195685793968
447731338877295344336516823422848745133414722351798533311529835758615829456286937912993648262453
587511793529867611419974574661822976718752959496418454321579116163835656366464226578361447973633
927551222642717238543374325565545258518211482558859499524191466327333812641326613243392299867651
622746493532951782945517757773712436148997541758384643226369674798625515794739936757477827697339
252613951327382857123583959165546461738542879258484299737927688485368815489885782971854551454593
888257829797515266768473756337364727896198151631141143359347358474547762644644499921865613179344
364734287182723471417241117822693949666346164491377351726156634925754691938471651666937829889436
593643828618381472367459674799189848658184852986823693652913391531437544811693156633853346591282
462947863547468573841289479392783926228611428874464177367772219341119657479239946255912742382442
328324723247637117999982895923682421372544856126943812691431418565778656787123727688382986874764
821597152856842434635444817568352389296782653997237822696597838562118657453619898484795171595463
213213411466882853629693413539847742245228284248526787778631344215319995936223323736916333583557
538514122162899139843938713959259894171657557313434754857946347648866951648321367549616344672466
215487378422766927732452949633584677583799737966843736825811218661798956169797975425975373669575
883161653864626377118379711798885324527961222714247897129511784891792184999576499179615749373666
696855517742856656765871114752494269811877433837952161851761815127114594882699231641844162245791
844766894623639919565662875358874293328125125733191948272619852331494772179693988873338434252495
737646362783427876951821182192684332389835516563581696473198184725257525783797724596716773159511
661933336362136123983696388136887215318571663276664897342857581945249972792294921211672791854757
846265638825346872751925874219935684595429943638334623765682724466814823746684667932396857898941
376164997211273395414667359742638554867227212839497739685156299851576639276251349346467659837115
513393498197974127447814783166644567136817151442745455969126256139819158753334857945411842819635
739276667469565969424962423715291852461866456545545589617743962342133246835912444936765232716124
886177234182547685338415934545611217118794497229683321836887434437774752894713891632813867511749
819491439892978587187113477782155831556868693179943859562953482288443989263226814476923195583254
572881694725551759244239651762212659227414547519372613295918331282819928853963137167449159466898
937452842135935724776719262846685574363818733225889425154159185971858195262277149949675134562563
645276666173885613171886967466929418433272437855517352554836486992639352615663325225862244727915
891143214442133881911742974169136544832438678226551421675759546333518682152656561344572767886791
179161341951356162227248389835317952675526251595573415859563494422759896128338682531529567951671
493647532681755331747346166579283836722449771567571875729693944185365987456613465764525494591986
658293596491968829812483278412469687412389487688772528553894175657447325495774937154541737928819
865413446122125189968743211585142717399224254234993763434721165926754733689363797738952872436613
794439343259698955471931851374749638458413946746155197819799527758542874726316777369689274282119
262272451374492184692786374847758351884669717966529654937884249421614124414369328189659166864927
445679313263866768547582922269117852837445227595714996632445574351928346143793476166741399261885
765276598215686471123144913827553121983831934334268461546161844112436181931551265925289921737151
525224533847229216268914769345381498525852723332758353911944696134862397145881114467356891528729
754242611894389219494348583461581463693624726744311698266897579431283439276237751243222869329182
191168314849268228325469518499726368184989677686541931758588221839237646219181463553398391612549
671851194221783624611156829987184945127327951949245525269534916352168689463899722933346697964169
912298284976188165191972982457564186658252729191854151252134746131866353242519163469711669653325
966742649797785461461861332654793159448762166854314724721567555512277826911814829631328715178485
599195725915986816167794968934824999788256527989977331337634992699891596721977355586322614543829
465874381147618984422431446333168626782742569637525489917835847444225635917826349664381587283886
939856972996376971187371258771445879824744933864227735454811671223787118756589678563753596541256
559235468741465842286785729195943689415443186658977731569293944847193365934185746466364377361558
822892782198529542823346379923859691741577254363241526272226666633983348373534346776793976161282
358447258787878141171535577255186767348524373657492217749346237845981464848392966473772236135914
223412674438583733151849441264831275635252414442198469728133379412914556657442954131531695122854
359615979693717615957642341565388437468896291363455459892449736823595729894625296623274237946223
823946678363923958211352164753578777136448434971281628765375364251613385523694676295843946165374
244828583752749837274698429251881875258638884618885913793149434859156985738166962124534726578475
498915192825256147954195777859254673599367391478881378593168853231965589449269158157978843899453
595882617684113876263661267522551644524413255112326897974115878941933151685792962735775912427227
162851313277615221587886326929772734819418181143896131161121837316731759779713753156667846614226
974286359558198684297173681747417271667659946132615564848842851855999275472536367824574995538744
778391435815623386535673545948748173142487493963486548848646876284698297644726151362428428662134
164229365277125545475299614618441931858491615983153445857134718122426792324971372719586797823421
163295372528698538947243242935671714473656713549358767972828512865923971224211589596568252213677
576699117143324757956959154923717139264886634579191418422143383389358933723598158968951715486221
891531639664219957851956987716817147628447358554973742549545285251519621619795223468411315112576
932325321272684681424797125899881814658931689482381967346231227655736582111832495887182286348963
132481684339918874687888594412817766434122662125648521864217233415687791989872733181493378977767
685573219444449669626862451534683872657837798551743642446911589797245141855968328548513168454292
524713483463674823892976728848319593371383413687233245861566641461662352294264864368695625318582
794789782472115727833125695786124725393664818778494916871343823358595892824997354154967886551696
458767154194953695498957556377765276159743571635551425755596113836734758579922439435921972849113
454196497727196573287488286318632427851335864242499586793588229571514176771911525659111195531896
456846139744555581582841455611648811121292597939829575714558567699616284159513766238153538553798
877291294235371221697137343842741862993234222141126735549189579137652154372499116162958661132548
355812596113478323262355427619772878742614584247725335971315422665768218831833514842876711866675
883992385857385131858219659952442645576211799843958843593518491737457376319576526414147321546689
183726876936692353198117773229969935189183379579864745191687586833176918828667887355247455371337
455243768919651781412358778943916554174144356844259635774956249292447412364394588619438218588387
212936599613651734122465887196412172617748232234867168684332779838393813476221673464732536238579
751215929822568478593973423273982189496295253645877622176837872934974933644466521612252382648478
256733935562464668821985344951794779214199494289566139443262499655542632233367695929125823178969
922874626446882517372375792688519579423962231784113686123733889527868427557347172618531732222784
619187623164865912636898936919856419852361183918315471626391386221333143416647722554797282285597
829676277544787496185686398233238297978463322123983132727978681365277715312886468338145652564499
261188348916356836853376448699318824168656429882631249668815668862751261468186931156682769638915
926429785796492945743319546843172589376837832875771652852181376135777789992518634238256313494549
623857399725352972163265659966178354832918635995214915727558915141812134372916334974366773957141
861595141451122445446182426433327393483668817947944416656371842579416694514853652253627243373931
365565827366942818535895978529421238519746757765127922332539227449688261994632644797831512852884
866589466934229363686652387148725299936225836145344653922953319219762814949931286323338199146379
383581277985171119169712978142563395439522423134426829747172383879836388736585584264126258481838
257435385689631999926836391924391127844234894228721111357823936927253371374924835611464353427748

656323648575144138391552242236673155443869341163969453865786634232499169989843672332188727683497246
933753727212544413161586895459342514237495175428231381588398617228365371331289852782989978445566128
574487342178415688999274326854188961751972713719299536853127892342425115889356555712152524317448257
668811975854818544625389528282124481138533311485425819818943187697696481745429917499691324268565737
217527351282443388699596424594371983238683953583131261519653778984472236788482589658432348317979439
832689391128278669279699228827963282134466589232918497683994894418929425243644561811198712344685297
936827725276353898364515452233278922118856469241657382118721659265373837537821941357464318948199425
214752153182858514532491828563244132815298375767883935616147891979758623884664559916356262894783426
358638556558367499682168347457973243446868664871455359727884844712573148962458625642277956898657145
654915862155953379394941118193866456959288928844362354376582371933784589575261271673895992848474783
383616429657732339156247138247568353986499749933946797521424263867761669615961636768223765992659563
886345267819961776685966551855598358187749621749256983382267635482428178995621297685535394798577273
195648413983356346747636945495592983181762534599911386366531277158735724185126744687596237743599395
441938324936452321947497363328477898128113399875362662559675814956413496578436593372936389338121665
531645819534227498179588159946324615153261788779129262623747751229261439185621385157617722251757591
321384596172525633194697629788129246819117687849184354935378515367965691587839576741887178176652697
595856747588923528111533319567238311974343696859396793529763811238656243292329398637115257469648875
726414585946786234859986128888849747449775757743936813882547163355126173172533723413632592974148892
397364223619717166612193393937879262744845188253859299735472872753323331688444425113923281239294713
613836838796932827361523794479425615999211625761941892566885397962245421513222733432853249571828234
289966668622567413174934846248947394227775761349272879812512734851289526911518288136342587234256597
881555266679892772728232358387598323275722912216132259332462846136718517839168921316273177748892462
587226941751414119749756166357331187617197934961993281721395311553238814771274751586692649171759439
116319469197982234233373579711776667922335456623636776115319755345867114931516115783736933212853317
279528177385837547191328627434645313667424787253489363955857423232844651856864339298652846773326789
264761793995668987767376718543424283268946539713529168459618445971342387732749789634881669224946348
665892415518445573825614915188291421546381142338928481599534325955983774697845987279336683393317679
753348512923352166916489456172578136794454963217231414464321484984164144886565315192797634657163396
911667564298297232486196252923918711115528727888176893654921568393163245516842419252831471377596399
992249448571689899358241641288879661757258991851557157119517411414473848849545421547669363812282586
536192838891356588676724285868962987673438543929939584175566313216747412463555354365732484655981683
195955321492564843261841911315392182263561293682872889685638517376597638548721728217838141916395378
692713476715758287375361976954548841192648252592343248264395355586749418367313689639471543862115932
231457879336542236748958745692539858139686696479687183635823462754721479586611636621643478199324711
697734539539321252679135999549766428268488477878994631583781972446547378665453595164863568631333537
714525536888969967652438857398152532127679391112512181134888943549263255335197335796917737596262172
862291892925573879326914795951962137127714248516255359652933512557863272575389462769491926328963591
563867746955424115876222347746174179998826227156656641988737779944457713295663935633264357271463757
531881913932561698399151332156122672353329723617475692914478617822425659959169963842877589585579466
413284652398686638469336567225446669633922353437793166856799558266395422652672425648426684812483128
893415945845721722151961632736476989167736761838243491434581475289657477811637818885496263683365993
681937681879438389115948434762782284834576285235171699729828651815151418674818351386452718517429798
851715566512129264851253124193791418469443883115248275232635648744238295694523386671435749826694694
315224143536342212753795995578554457243619671337274483931126866644685276439647276566735946136164874
885486778356684789128651947495397523419918249981957352528668815588655458825888311395297356135346897
924973575144749976238578957323319424624763866268621795916668849126514157543219238966142631121575478
963162989176791915693811865836811544634553437718237981672851734736939658334516828242765428344777297
286463577592747817395798476756187428387767291976991885678621519559162796922648581794139368313736554
726468353384554163858897548316787894261775378358517386271485777572151946626774125131368521628689735
173696327953949338598665696149134992832589846316451773345995486118442366253919868767199597949612318
874652858953567573831942923356671662914517745279349779162332519862671335817424385117519695315858354
371398135797539315869573876548668443868152542818949273163367799659166321785846744196721755299849433
475275461844234717726422156599337593393798937666851336488485563411467357831768421914187743154192182
597443312773457121143983862844481328583446173276948223438296334371944191893589579236395659137146737
395656546383642481454618563282117114388923149266954412416622892151446933988534121667575912221724924
255321275776349391632546655641495967822566956662997573547134632979951317332121675284841466538982838
164527632528448469963619228215675591982137138624914922919147916592515299744887834837415679816363898
531752875441434322516517454213116325228188785544911559569739359979158868873892873596571887194688763
357548593512687683862485735538617559494442122586844918525759338359597683323277756561635651276738894
439149732895477514857493588428667445155854831822951337225192842536381177876659284314462834169538771
949572467511223327518474842129233731558261353524873168764733226865331324313819534967176866998623931
697445897444549838349621923574392681379345141289937562972146827438462892986466989175835633244394658
745268137717275221612917624489613123182225796983987864834297199462989428333923567539917844664654819
584681843638446556274555295344868552678986641736619578827491194526613746447313131288725578174729241
761326666896978963457389929217114792465381297179967563237667147913132429813858125533642445136199817
848934747734242469659468792866524537628497245521688393957281946548391288681885282219717952662276332
959879376968178314158761194584245618448871631788683941118144681474892152999212947535936172152819651
265878717873471687257738624134364587698526265647961216363616297778865895637429763818751288388145532
687875747781651887726796797538856911767779676517828446833115723445879781658567855658176741431878783
753597993139953687896521749844766531868578669263933992619824727978848978396914981122997178839711583
682498944292834396751472656949538122359385634854887677832995278363637568957168921622681454141424586
687827495229259326875721385942923817636655599781175223216565361227798823825913323689655877377564969
717677425653272615935129378376758346973526285441899821823351358939993186693392326862992724657794515
461276693754437285678816394657847647921237286638691617243313559183272723712314881324873915182499924
438816772259947714721694553251863599357687938284415134612427158575428133358357357367939162676626962
777161413627462812836776988386861244617724467674837256727637248771233419335848229291236971785468834
825291188691184416936679539789366443794328818972371877289513761143496175155138584848142511556539369
356261782618121853217512574828279196945548322999741225523185739925223587234182124942179622831231552
571579874269781718675933828361284668237575476894354438973348955834133532431971425662896317121656774
158191873439491826823243767853325175587856119852692572318444424187262743645955469261374817864552534
225853366626522397654129328559531225876528618562447388614436325467196618363465235671664568467287716
952715742632587557382419819849617991956639192333234963798265755751365898971357876983514412242792347
116746575387923691995688693214579159539617784552514675888115725578311551459973293919849411387148129
213864855642533912647482527935971727215867942686615484752178527561977291134935997468182644587225514
171174445285755124212726527182177449657892862591759113164271831887762351568581944864176861722724786
976724786691378325827489993921334658747965157694327581637763635355517541471473844555962579152566769
793461137623172461916629711577743522314351392893464745224482844138774234622197222199697685649812244
219825854272717616424833919858399585371326797285198781833425536189478444861937612428133297686751252
417588815751367617549212452964573199521942414469788496166263857983983247975295982356359214525664348
441478912743628339169467541227119935339574321415777239425428713494891141914661525726946512335747581
745711241586475463221616654565852771475218874936691492175172967499345493341134416465585794137616323
583841643236974143366311161248897618497746732278555421839819824782518313857822985772433495888982388
258994666347545168625729843774833516658284586997489728314173955841462648958399385588446876458423316
237279189751218377629919664666571893829488888158877957879642452433581712615816718422579893841928554
215624287563169287378775618153137873834479912624476952446551973511356818184155479193134989626142785
186378349926579267161929377335278423939546452388519783499494498388529286451552876464938389895815846
818753894264648261325365767763653237928794183939764266161792771472795244532818718485847532945257298
856877329748958528227188745556218121296682792925145166743375769271743483313921732341391591675382495
151796383748869479352998122118839758951889165546267259518366798386375974973869652761462211936763755
