S329387292134965617877511986921923378675526359
4626192688687976996419798829594131554467296518
1912995655741688331366324574191665251579626844
6127195395934115718451538513232165867289288636
8537764345586428642189667184152981961541637453
5469233325492172446559241237273691995111916948
4356856357788258617163473865412353753525635753
4461745269128252256969884544257552114237577164
2525168923576366541726188738183796556875317215
2133228394219717958273391615275445162425491452
9541889295435718844382497894189924898696275267
6456326632787889345113385892385657798397415839
2233557573767798733413864777395563122381989365
2911889472574546741159542184987284529797975839
3874363193832478466758916829861495819871468931
9152845427571542675113832217414189242618289474
5637475961477232383944188844117312633342117293
7573865175234846328278699245414369979667533758
2894124359231195654956972272135553615414648894
3839231286979292655364456477881939639523922745
6575828574333678413963472728145683778589785891
6197498985379499245878845929197461611839163321
1875156796778435523214825727142528152713176281
5568178533985823397914577882334222759547187831
6615265787325534443884962199256568521269242159
6533162299998749624336535186534862357781373321
5933355588268198117725775454338769126945165749
6142721512323417227861499465311383591929564563
5247186126349695967198759669853645398492683923
2979756967987416343712973697674618118487423755
1971531448716914688832532129929626564195993713
1299576222112833142586326259797411846159941252
5944149389587962726766156225771479541744236149
8418275361597876214631526214145745916751218447
3952989953479635446866739662317886577499772795
1746917417282167914927132698331215411235416314
1313325528944899445788781495889553753224511176
9646365516422857799299985612772734636471553484
4538534649445515112682293132488996648976519718
3955589547997278325452474947574219778323794939
3938328974995635572881174887598311192584567195
1626552934519616467826328735794845632746671957
9496156168755838239373351718263282566312261697
7332585699483164367757172683428152811876299522
7484683275737759415742651122654853734989874729
996668751238148612744253891345365365916329133E

S22298117991197777817122179297282129199987887791
912822822129727888722997918989128291127787822812
179277187222798288211198219219779281122191828921
111791118818281219271792198879121289797171822792
772929119182982718211177792122871912781199129987
177921272127992217287177277187827791178117218182
818171891897181819888987781197911797989177211117
192792192997972879199129928917928928212991228789
227929792217211211829712191197217912912118298121
882827212218211197287112811819982222978282282827
178228229878829119877122279812228918112991922211
228829787881992811927821227289977227899182199717
111772717171271211782712972111889297729719221211
282112278912979121171791112899711919118227719997
778882281981998197292291129181871217899222827121
272282212178121271971282979911817121219772111212
829822277191189871917278791289781982129988921191
212281211119281891922172281229111179929112892191
111129292212828899871979291872291282912811119181
292772172271892129211711821992199181929799771729
911198987728728112171172219879812292222221981871
799197112817882218177277118198128988281278788891
178118191219281177112179187187271989297271978211
211271772871892287727191177272921812119187119811
727719818929111271727819199971217112818981222219
878822971718221977212818219182189222911881298811
811179827879282922189812791811821172881881119221
182127792118278898712811928712987118222191919179
292811711272182182178929111827911829198788978217
127112221997922727272299172712812828188822981718
181119179118879281177122787212112128117998211818
129979272828297299181289891892898197821822971182
197117197888299797888279899199288212271712799977
912981922128227229222278191777112222812821119897
282989272822971119282177889229177911117792922297
719222122772829729791121228888812927111878711811
128829777911292821711171918911117922791228127992
729882172172221722191229121817722127992222192192
922788919281891919171127899991292291229211219129
199922921298928922911998228211188188888119872791
881211721828821989227177117719212772821272771887
111222191721117981299719971717772917189222977989
711187227729712228217198822171122229717172221728
792211821282198811729989211971298211711171877777
117888211871212711928198979911998998288187299192
121782729721112278981787128227918728171787289219
199192172121287988118228121887792221981982782212
21272889282282299812971972171221717211221219821E

S2828782989718991927971179772717798778722889892
99897971787972279889971797188827981829778798178
79811977799798729872979818179978192181272178121
89781898877917997218727928918211228811797799779
21119817888287729128789287999779997177878721298
92891189781299272171899299777877188891991229788
97877978199877972121881787288779889929211897929
82999997188798818798297887199189827817199279817
92728777788872917292922929878891721979791911299
28722218828877999782987118997112889928797818728
11778277781188987292929979178988299719111979117
27987981889871197788228297917919187987882992782
71189788999218187189917181289982988182898811291
17711797917287198878977772798229912211797778799
71922178778218121992778197987828879878992718117
29717928879277871888882789899717821182978189827
71187999978197788189992717717727988999898912899
91988891129798999217872971291977971978298178189
88729772927777997297988888989918822118898292777
92882119797197888199279777228729781882287799182
87919198271987782919899181918189997827889987818
81989828988977981778922978791988811788781827278
11812772919877999127722719779199898898819191789
91797797722188117897177922277188278781981729912
99891988817889128887117718797817192211721897779
89912889129282887128917178977977189272997919712
29289227897927899818879287981818127797897897788
11127119797971819992829729771928188129287172821
11998277178281912188998928711277829871799228981
71788171771188999817929817299717178977991171798
87197798719121282178871971281872789179881972779
97918271917989219779982288771877777998117187977
97297778918291789791779279978118987789881777792
27179987181887792889899282887811919779711979929
91719971889797782989187178211879927892928729918
27929997772779782819728927799177999798118718911
79997988278988988927888779979989798877799227817
92997998298227989728172229819781898827129788789
72191799888289787818792917797199971719299798899
82192878112917728871877787199719921871111712892
92219218788729892979187987782828719287799221278
12781218219719288289179717718719127889977299789
28811812797711881298788297887987227797792799889
19888817787219717279887177897999822988911921778
89282882179981977997798888728797992198281972972
11718779271178872888889879822898189782212989221
1919788988127982717299281282899179977918972988E

S999919999119919199919199999999991119999999191911
9199919919999111111999191919991199999999111999199
9991991999991199991991999999919999191199919191991
9999199199119991919199119919999919999919919911999
9999199191919911999199999111919911191911191199999
9991991999919991999919199119119999191191911991999
9991199991191191919999999991991199999199999999199
9919911999999999999199119999191119919999911919999
9119991199919991999919999919999999111991999999999
9991919999919999991191119911999119999919199919991
9999991999999119999999911119911191999999191991991
1999991991999999191191991919999919191991199999199
9991911999199911991911991191199999999999999919999
1111991199911919119999191999199991199991111911919
1999919911991999999199199191191999999911199991999
1111991999999119911991199199919999919119991191999
1999999199199919999199991199199999999191991991191
1999999199991999919991999199199999199919119911991
9999999199991999991111191991119999911999991999999
9991999919991199919919199999999199999199999991999
9199999991199919991911919999999999199991999199911
9919999919999919191999991199991919999999999999991
9199911999119911119911919199999119991119199191999
1999999991199999911199191991999991999999199991911
1911191991911119991999999999999119919119991991919
1999199919111991991919999119999199999999999991199
1999199991199919199919199191919199199911999991191
9191119119999999919119999999991919991191999111919
9919999911919999199999999999999191999999199911999
1999999999919991911999999191199999999999991191999
9119999999999999199191999991999919999919919999999
9199999919999119919919199991119999119919999199111
9119999991911999919999999999191191911991919199199
1919111919919999999999919999999991991999919199999
9919919119199911999119999919199919919191991999999
1999919991999919191999999991999999199999999919919
1119999919919919991199911999919991999999991999999
9119119999199999991991999991199911999911199999991
9199999919999919999999991119191999991999991999999
9911991919999119919111911919999119191199911999191
9999999119991919999991999199911999991199199119991
9199919919991199991999911919191199119199999999919
1191999119111991119999991199191199191991999999991
9919999991919999119991199919111919991191119919999
9999999919919991119999199999919999999911199111991
9991999999199999919999911999919199199191991991919
9999999191999919999991999911919199999199911919919
1991999919919199991999199119911199991999111919199
991999991999999919991199999999199999991919991999E

S77796887988787799869898687988168668887776997
667979889989888798788796897768199678767986696
688779111111988788878766798981989868869776997
886687697889111196768968787861677898867767888
687998688678866871116769881116687966777998986
698799988789798878669111176776868968876877986
688969886667879996869878696998188987867779797
678988987696689789798969987687176999897976666
979776699997996776866998887991167699977798869
968866866889897697999676968691989767866787889
667899668889688896688968867711697778766988899
779786866978787696667996976918977698777866666
789976976968986979878697899117779988789898968
898889778887696698779966699197889998697699969
668776996667686879776688761167786887768797966
969667767887768878996668881996778788878979766
888796969799968787779669711778896779667996697
996669667688778787877997719969889687978979777
899866969967967669986911118668969968897768978
886989788796777766611116996698696889688867798
689898676666761111118887988997999866811111886
889699611111111678888996889879889111111876788
868911117767698866789696976868791198786878788
811116767699688897997666798787711796777667769
118689997787799877977799677797116799969997699
177979777798666888866889699861187766679778887
179899997898986678796668886761779968697977969
579788977887767667996668769611679977876798876
968686787896688787679888796619766996769877897
868779669999997888677679767118668768999797867
776769966798687677796961111188899677877997899
776766986988868788111111689768967667977799998
898968897987861111176886967768879776976867767
998966889899111887789666996998967778767796879
776989999111189799677696776999886779897897976
879788877696886997667976966788796869698997897
678811179979887867779788987966676979677678877
979889111187769978677778766797989779776766669
889669987111176677967898868687698869789767896
876698869779111119667896898687976999886997996
999876896987967797768877798686866968799767666
796669798679876898796698666789696999996799898
966686789876869899866111111111167967666786966
668978666896987679888998789961111111119678869
89986776786987677879796899769676787899767877E
